919700000002
919700000003
919700000004
919700000007
919700000006
919700000005
919700000008
919700000009
919700000010
919700000011
919700000012
919700000014
919700000013
919700000015
919700000017
919700000016
919700000018
919700000020
919700000019
919700000021
919700000022
919700000024
919700000025
919700000023
919700000026
919700000027
919700000028
919700000029
919700000030
919700000031
919700000033
919700000032
919700000035
919700000034
919700000036
919700000038
919700000039
919700000037
919700000040
919700000041
919700000042
919700000043
919700000045
919700000044
919700000046
919700000047
919700000048
919700000049
919700000050
919700000051
919700000052
919700000053
919700000054
919700000055
919700000056
919700000057
919700000058
919700000059
919700000060
919700000061
919700000062
919700000001
919700000063
919700000064
919700000065
919700000067
919700000068
919700000069
919700000070
919700000071
919700000072
919700000074
919700000073
919700000075
919700000076
919700000077
919700000078
919700000066
919700000079
919700000080
919700000081
919700000082
919700000083
919700000084
919700000085
919700000086
919700000087
919700000088
919700000089
919700000093
919700000092
919700000090
919700000094
919700000095
919700000097
919700000096
919700000098
919700000099
919700000100
919700000101
919700000102
919700000103
919700000105
919700000104
919700000108
919700000109
919700000110
919700000107
919700000106
919700000112
919700000111
919700000113
919700000115
919700000116
919700000114
919700000117
919700000118
919700000119
919700000121
919700000120
919700000124
919700000125
919700000126
919700000123
919700000122
919700000129
919700000127
919700000130
919700000131
919700000128
919700000133
919700000132
919700000134
919700000136
919700000135
919700000137
919700000138
919700000140
919700000141
919700000139
919700000143
919700000144
919700000142
919700000145
919700000146
919700000147
919700000149
919700000150
919700000151
919700000152
919700000153
919700000154
919700000155
919700000156
919700000157
919700000159
919700000158
919700000160
919700000161
919700000162
919700000163
919700000164
919700000166
919700000167
919700000091
919700000168
919700000169
919700000170
919700000171
919700000172
919700000173
919700000174
919700000175
919700000176
919700000177
919700000178
919700000179
919700000180
919700000181
919700000182
919700000183
919700000185
919700000184
919700000187
919700000188
919700000189
919700000190
919700000191
919700000192
919700000193
919700000194
919700000195
919700000196
919700000197
919700000198
919700000199
919700000200
919700000201
919700000202
919700000203
919700000204
919700000205
919700000206
919700000207
919700000208
919700000209
919700000210
919700000211
919700000212
919700000213
919700000214
919700000215
919700000216
919700000217
919700000218
919700000219
919700000220
919700000221
919700000222
919700000223
919700000224
919700000225
919700000226
919700000227
919700000228
919700000229
919700000230
919700000231
919700000232
919700000233
919700000234
919700000235
919700000236
919700000237
919700000238
919700000239
919700000240
919700000241
919700000242
919700000243
919700000244
919700000245
919700000246
919700000247
919700000248
919700000249
919700000250
919700000251
919700000252
919700000253
919700000254
919700000255
919700000256
919700000257
919700000258
919700000259
919700000260
919700000261
919700000262
919700000263
919700000264
919700000265
919700000266
919700000267
919700000268
919700000269
919700000270
919700000271
919700000272
919700000273
919700000274
919700000275
919700000276
919700000277
919700000278
919700000279
919700000280
919700000281
919700000282
919700000283
919700000284
919700000285
919700000286
919700000287
919700000288
919700000289
919700000290
919700000291
919700000292
919700000293
919700000294
919700000295
919700000296
919700000297
919700000298
919700000299
919700000300
919700000301
919700000302
919700000303
919700000304
919700000305
919700000306
919700000307
919700000308
919700000309
919700000310
919700000311
919700000312
919700000313
919700000314
919700000315
919700000316
919700000317
919700000318
919700000319
919700000320
919700000321
919700000322
919700000323
919700000324
919700000325
919700000326
919700000327
919700000328
919700000329
919700000330
919700000331
919700000332
919700000333
919700000334
919700000335
919700000336
919700000337
919700000338
919700000339
919700000340
919700000341
919700000342
919700000343
919700000344
919700000345
919700000346
919700000347
919700000348
919700000349
919700000350
919700000351
919700000352
919700000353
919700000354
919700000355
919700000356
919700000357
919700000358
919700000359
919700000360
919700000361
919700000362
919700000363
919700000364
919700000365
919700000366
919700000367
919700000368
919700000369
919700000370
919700000371
919700000372
919700000373
919700000374
919700000375
919700000376
919700000377
919700000378
919700000379
919700000380
919700000381
919700000382
919700000383
919700000384
919700000385
919700000386
919700000387
919700000388
919700000389
919700000390
919700000391
919700000392
919700000393
919700000394
919700000395
919700000396
919700000397
919700000398
919700000399
919700000400
919700000401
919700000402
919700000403
919700000404
919700000405
919700000406
919700000407
919700000408
919700000409
919700000410
919700000411
919700000412
919700000413
919700000414
919700000415
919700000416
919700000417
919700000418
919700000419
919700000420
919700000421
919700000422
919700000423
919700000424
919700000425
919700000426
919700000427
919700000428
919700000429
919700000430
919700000431
919700000432
919700000433
919700000434
919700000435
919700000436
919700000437
919700000438
919700000439
919700000440
919700000441
919700000442
919700000443
919700000444
919700000445
919700000446
919700000447
919700000448
919700000449
919700000450
919700000451
919700000452
919700000453
919700000454
919700000455
919700000456
919700000457
919700000458
919700000459
919700000460
919700000461
919700000462
919700000463
919700000464
919700000465
919700000466
919700000467
919700000468
919700000469
919700000470
919700000471
919700000472
919700000473
919700000474
919700000475
919700000476
919700000477
919700000478
919700000479
919700000480
919700000481
919700000482
919700000483
919700000484
919700000485
919700000486
919700000487
919700000488
919700000489
919700000490
919700000491
919700000492
919700000493
919700000494
919700000495
919700000496
919700000497
919700000498
919700000499
919700000500
919700000501
919700000502
919700000503
919700000504
919700000505
919700000506
919700000507
919700000508
919700000509
919700000510
919700000511
919700000512
919700000513
919700000514
919700000515
919700000516
919700000517
919700000518
919700000519
919700000520
919700000521
919700000522
919700000523
919700000524
919700000525
919700000526
919700000527
919700000528
919700000529
919700000530
919700000531
919700000532
919700000533
919700000534
919700000535
919700000536
919700000537
919700000538
919700000539
919700000540
919700000541
919700000542
919700000543
919700000544
919700000545
919700000546
919700000547
919700000548
919700000549
919700000550
919700000551
919700000552
919700000553
919700000554
919700000555
919700000556
919700000557
919700000558
919700000559
919700000560
919700000561
919700000562
919700000563
919700000564
919700000565
919700000566
919700000567
919700000568
919700000569
919700000570
919700000571
919700000572
919700000573
919700000574
919700000575
919700000576
919700000577
919700000578
919700000579
919700000580
919700000581
919700000582
919700000583
919700000584
919700000585
919700000586
919700000587
919700000588
919700000589
919700000590
919700000591
919700000592
919700000593
919700000594
919700000595
919700000596
919700000597
919700000598
919700000599
919700000600
919700000601
919700000602
919700000603
919700000604
919700000605
919700000606
919700000607
919700000608
919700000609
919700000610
919700000611
919700000612
919700000613
919700000614
919700000615
919700000616
919700000617
919700000618
919700000619
919700000620
919700000621
919700000622
919700000623
919700000624
919700000625
919700000626
919700000627
919700000628
919700000629
919700000630
919700000631
919700000632
919700000633
919700000634
919700000635
919700000636
919700000637
919700000638
919700000639
919700000640
919700000641
919700000642
919700000643
919700000644
919700000645
919700000646
919700000647
919700000648
919700000649
919700000650
919700000651
919700000652
919700000653
919700000654
919700000655
919700000656
919700000657
919700000658
919700000659
919700000660
919700000661
919700000662
919700000663
919700000664
919700000665
919700000666
919700000667
919700000668
919700000669
919700000670
919700000671
919700000672
919700000673
919700000674
919700000675
919700000676
919700000677
919700000678
919700000679
919700000680
919700000681
919700000682
919700000683
919700000684
919700000685
919700000686
919700000687
919700000688
919700000689
919700000690
919700000691
919700000692
919700000693
919700000694
919700000695
919700000696
919700000697
919700000698
919700000699
919700000700
919700000701
919700000702
919700000703
919700000704
919700000705
919700000706
919700000707
919700000708
919700000709
919700000710
919700000711
919700000712
919700000713
919700000714
919700000715
919700000716
919700000717
919700000718
919700000719
919700000720
919700000721
919700000722
919700000723
919700000724
919700000725
919700000726
919700000727
919700000728
919700000729
919700000730
919700000731
919700000732
919700000733
919700000734
919700000735
919700000736
919700000737
919700000738
919700000739
919700000740
919700000741
919700000742
919700000743
919700000744
919700000745
919700000746
919700000747
919700000748
919700000749
919700000750
919700000751
919700000752
919700000753
919700000754
919700000755
919700000756
919700000757
919700000758
919700000759
919700000760
919700000761
919700000762
919700000763
919700000764
919700000765
919700000766
919700000767
919700000768
919700000769
919700000770
919700000771
919700000772
919700000773
919700000774
919700000775
919700000776
919700000777
919700000778
919700000779
919700000780
919700000781
919700000782
919700000783
919700000784
919700000785
919700000786
919700000787
919700000788
919700000789
919700000790
919700000791
919700000792
919700000793
919700000794
919700000795
919700000796
919700000797
919700000798
919700000799
919700000800
919700000801
919700000802
919700000803
919700000804
919700000805
919700000806
919700000807
919700000808
919700000809
919700000810
919700000811
919700000812
919700000813
919700000814
919700000815
919700000816
919700000817
919700000818
919700000819
919700000820
919700000821
919700000822
919700000823
919700000824
919700000825
919700000826
919700000827
919700000828
919700000829
919700000830
919700000831
919700000832
919700000833
919700000834
919700000835
919700000836
919700000837
919700000838
919700000839
919700000840
919700000841
919700000842
919700000843
919700000844
919700000845
919700000846
919700000847
919700000848
919700000849
919700000850
919700000851
919700000852
919700000853
919700000854
919700000855
919700000856
919700000857
919700000858
919700000859
919700000860
919700000861
919700000862
919700000863
919700000864
919700000865
919700000866
919700000867
919700000868
919700000869
919700000870
919700000871
919700000872
919700000873
919700000874
919700000875
919700000876
919700000877
919700000878
919700000879
919700000880
919700000881
919700000882
919700000883
919700000884
919700000885
919700000886
919700000887
919700000888
919700000889
919700000890
919700000891
919700000892
919700000893
919700000894
919700000895
919700000896
919700000897
919700000898
919700000899
919700000900
919700000901
919700000902
919700000903
919700000904
919700000905
919700000906
919700000907
919700000908
919700000909
919700000910
919700000911
919700000912
919700000913
919700000914
919700000915
919700000916
919700000917
919700000918
919700000919
919700000920
919700000921
919700000922
919700000923
919700000924
919700000925
919700000926
919700000927
919700000928
919700000929
919700000930
919700000931
919700000932
919700000933
919700000934
919700000935
919700000936
919700000937
919700000938
919700000939
919700000940
919700000941
919700000942
919700000943
919700000944
919700000945
919700000946
919700000947
919700000948
919700000949
919700000950
919700000951
919700000952
919700000953
919700000954
919700000955
919700000956
919700000957
919700000958
919700000959
919700000960
919700000961
919700000962
919700000963
919700000964
919700000965
919700000966
919700000967
919700000968
919700000969
919700000970
919700000971
919700000972
919700000973
919700000974
919700000975
919700000976
919700000977
919700000978
919700000979
919700000980
919700000981
919700000982
919700000983
919700000984
919700000985
919700000986
919700000987
919700000988
919700000989
919700000990
919700000991
919700000992
919700000993
919700000994
919700000995
919700000996
919700000997
919700000998
919700000999
919700001000
919700000148
919700000165
919700000186
